8082151
5050666
4745195
2564275
9454154
5839317
8706936
8979181
1910486
6694347
9667441
5029349
5781945
7846588
7189874
4098605
7175411
8000444
5797039
1170704
3429447
2498861
5207437
1638271
8248230
7090706
5445062
9023556
7306897
4717513
5540176
4249733
5997391
3171666
5253649
6321425
4537215
5514825
9263904
4693122
5533764
2196900
4258756
6803616
1956018
4208847
6958091
3844532
6117039
3145797
9277914
5037433
2698317
2849850
3045211
5784430
8515227
8412027
2471480
8462081
7351282
8302788
3206628
9975462
5270357
6047408
7164873
5939367
6846073
4820920
5879992
1552363
5257254
3844331
4966913
3911817
8058426
4628970
8080623
3782038
5562480
2795702
4320050
4605891
6889563
2697634
5035915
7934815
9627403
8567751
4074833
2097597
2667348
7562848
4828484
6610514
5368155
4335530
3219072
5183139
4773730
8158043
3187570
2492963
6561322
2530592
7497705
4030422
3452563
7780645
5114105
1191880
3032211
2258562
5036186
6856116
4771189
5179459
9024785
1634262
6301305
5216053
6305915
3639150
6939003
6436644
6217763
7931977
5661795
8920323
8810218
8760472
4102911
5691227
4037588
4968633
3310406
1706663
9382738
1311775
9473617
5255062
3807352
1700948
1267416
9954965
5084977
4188826
2228377
6129449
8470778
6517003
6475197
9251417
6627028
2013349
5332968
5612909
8001498
6827982
7924132
6199828
5486124
8930100
9680555
1932728
4720316
5078879
6902811
1892050
7200298
8748942
4713046
5478147
4583560
2186799
2420113
1683629
2038902
1546302
1471046
2829918
3634740
9862526
9154907
8558738
9921368
4009508
6917545
3840995
7271552
7582518
6290350
3680763
9269428
2247238
2060222
8259138
3336752
4864227
6637470
3642279
6939341
5714275
9343148
5058332
2461710
4022179
7045461
4993991
6458631
2096791
5154532
3246523
2716228
6304538
1403605
2633896
1716160
7677984
7832648
8050731
4888757
1716987
8067273
3937110
6387819
9559414
2719477
9050642
8668761
6698600
1956986
2496654
4257922
3169336
4096202
4662006
3368086
5694957
6134118
8423860
9375851
5220519
6080882
8344515
5271159
7574611
2437285
9238993
3931909
2232968
2734552
5229148
2446079
5376520
7554185
9159444
3410691
5329829
2551248
6201344
4330993
3553927
7713911
5642121
2239439
8684645
6029793
1965520
2380709
1795217
5938306
1297970
1374774
5796690
3229033
4570757
2617036
4530053
1158703
1660029
4174484
6108246
8938793
4927782
1194863
2980999
5206062
2851984
7947812
3791232
9960520
6510327
1639328
6104087
2077692
5381064
9400961
5018243
9199432
2739680
3833488
4696058
4286417
7402025
5030149
9070757
3661076
3980345
2170800
5720048
7694754
8055800
9532946
6435586
3876666
4235688
5499362
4840067
1651745
9478074
1725343
2494437
6994385
4830300
2108410
3514025
6590959
6593243
9476389
7264661
9055789
3792014
8418883
7360748
2230654
4939488
1127974
3435801
5504221
8057938
9314338
6574268
3086354
6693719
2702567
2917049
1206862
2970364
8012829
9089815
8441796
9252828
8264140
8641963
8982385
9380090
3224957
7938272
5323225
8066934
2937559
3316152
4559139
7974171
5339158
7612055
3934290
6248384
7916415
3872555
3119147
9252402
4658414
7995117
1562605
3585671
2064345
1764901
1721285
3533977
1989816
7192751
8086558
8734532
9645835
2180308
3231882
8046570
8746053
9930240
8017764
2765912
8785525
6691822
8356918
2783005
5182341
9316574
8220320
2624320
9590884
9958409
8955745
1236322
4228061
7248201
7866006
1537208
9674750
6265926
3348099
4487734
4396796
2145416
8588843
7294191
8114298
9259356
7960059
4868754
8436507
4758191
4350040
4055003
3012279
4666393
5406341
6011871
8579953
1739923
6969500
7637805
8452558
7553591
2585286
2123542
3007654
2580031
9838722
6737412
3214575
2363701
9874304
1217981
8109933
5155639
6042917
4305024
7744628
9883456
5976068
5199432
1618946
5022877
4200494
3505630
6583258
2340961
9599271
1886256
9109844
8944271
7622629
8870108
2164138
6087543
8314184
9432684
6266922
4432417
2623451
2005079
3554736
2167009
3498069
1643919
2176937
4223595
3447963
7322508
6736959
4466570
6923709
9859701
5741582
8164585
3138363
2918743
4385655
8483107
3205180
5768314
4207596
6370702
6899777
7374908
5087616
4994247
3689801
9894925
1312412
6510173
8461523
2297949
9326380
3898770
3855200
4251888
2692385
4374316
9881331
2364685
8010875
2865173
7059413
2404389
8131254
4167959
5639961
3009349
3039726
6266654
7982848
7533567
3888499
3359195
9887505
4808932
3689464
6119649
9279273
4894835
5182463
8197674
6352369
7918902
9862528
3248426
4418461
1395314
2892308
9353372
5650788
1845314
7768835
1787426
9636306
6209251
6021529
8770377
1923657
3075865
7101022
8436300
7829485
2904417
8354073
5697346
4222249
1154286
7662843
6574855
6039288
5513514
7581855
1552214
2686758
4144388
2742551
4416351
8570417
5018132
8486184
6691163
9394935
3675944
2225707
7061111
2757286
6534834
7151617
4422485
2968312
7711677
2130225
9418332
3809856
2873351
4494455
8423724
4172096
1890975
6305036
3983173
8983991
3027421
6029558
4205413
8451095
6108397
9251108
9929875
8321107
6816717
7931078
4602210
8465104
4385296
9943299
1601572
1571935
5806161
5019052
1557996
2064722
6636714
1585054
9019610
1590094
8293452
5367824
7542508
9398341
5335435
1581927
3144025
2087105
6287626
9632466
9485623
7516313
5329812
7524415
2318876
6424070
7770436
3431196
1196955
5258657
6314194
6805196
4083195
1138719
2797607
7866897
3257168
8077551
2568641
2226773
7615913
6166765
3112329
7927427
1686097
6509435
9755012
4032112
5658312
1597441
1239192
9020118
8055716
4160996
8078962
9580223
3289663
3734857
9156246
4586241
9199014
9980892
6660046
9579126
8013933
6204450
9196231
3036465
9606393
4202654
8263174
2809136
8164909
2187596
7519287
3295682
7253318
1287909
2844501
4809644
7632430
6366877
2560259
4985969
8251066
8897517
5303164
8277679
8515063
1674263
9305427
5448255
6226732
8199516
7427262
5333371
4001045
9192864
8565797
1924684
9732013
1117073
9349078
9143992
4089151
6353813
8717614
2875766
2823233
9037622
1924604
6306859
7840583
1991607
6274153
8099325
5133798
1970691
8882014
9558448
6499503
6039869
9708597
8008642
6522119
2229089
1272319
7101019
9905580
9696855
7103229
9295646
3694907
2026184
8785231
9181249
8247404
2543235
8775596
8935300
5052166
8921587
8132516
2889121
1804889
3674355
5898452
7168412
4987927
5830341
2201676
6447652
4347803
2422913
7579220
7311914
9789298
8871311
6493924
3444854
2078554
4046658
8231992
3019837
9429304
3547242
3178657
4080079
6321883
2961507
3664762
6802084
3611824
4265203
4588258
2934427
8647572
8121916
2472500
7635460
7086584
3186710
1195941
1377393
2939379
5804637
2635970
9817253
1737381
3360555
8814249
3177696
4239180
5928874
5619543
1512486
5346502
1728559
5969399
1914439
3106270
3622055
4379930
9664357
7310987
6955789
3903478
4236082
4079784
9647703
6607572
2817353
3868638
1469047
8159039
7248886
6323406
2904164
8649087
3280218
1190132
8176566
6091998
6981814
4319347
6671026
9861376
3274145
2499725
5914156
1447589
1589426
4278221
4266984
8355781
3399132
1335166
1440555
6071642
9530777
2825819
5561941
3031838
6792694
3266476
7857618
7349154
5422747
3395211
6514866
9236026
3076675
7433747
4521445
2827367
1999514
7067586
6310640
7151979
8576622
5968535
9816596
4340377
5001724
4089532
4451236
5624824
9251142
7521343
7956449
3283552
2621725
1235055
9325701
8441318
9620668
8004622
4029983
4018083
5509243
9036056
4165972
9681207
7949099
4670195
9689873
9101414
5353325
9660342
9593939
1725960
2166692
6921764
2086867
5740503
3189701
5364400
1979910
5013345
7831073
9243994
6845182
6822224
8328176
5230116
2443833
8811636
1741753
9780428
8238367
8247680
4448815
6164815
6546206
1734448
8150264
8962002
6016727
6596865
1216185
8367309
6453673
4759665
5632514
5578929
6472651
6559048
9126549
3697341
5508145
7865381
1709770
2552893
2476566
2490170
1917769
6296567
6243652
8368613
4132097
1836801
2972151
1112629
4360771
1478643
7329833
5427723
3233030
1288859
6557921
9330648
8644523
5052629
2685741
2925369
9157607
7198269
4594360
3116462
7284213
2111591
8980844
7686765
9760296
4838317
3023955
1534035
8399616
8980517
1979595
1448953
3596337
5116626
5546942
2472523
4137052
5426021
3321111
2504797
4620321
4911876
2054934
9870066
2863668
5952390
3271625
7647525
6710671
1177811
